642,3
1022,1
1022,3
502,1
502,3
496,1
496,3
498,1
498,3
495,1
495,3
14,20
657,1
657,3
991,1
991,16
991,3
0,497
494,1
494,5
494,3
521,1
521,3
700,1
700,8
700,3
454,1
454,3
1124,1
1124,3
1123,163692
1123,214728
1123,3
451,16385
451,18554
451,175
451,3
450,1
450,3
449,1
449,3
830,1
830,3
0,492
448,1
448,6
448,3
447,1
447,6
447,3
14,15
1126,1
1126,3
1125,1
1125,14
1125,3
0,501
445,1
445,3
471,147457
471,151326
471,65077
471,3
470,1
470,1190
470,3
724,1
724,3
0,484
442,1
442,128
442,3
441,1
441,3
440,1
440,3
439,1
439,3
438,1
438,3419
438,233
438,3
1001,1
1001,3
0,498
437,1
437,3
0,468
1134,59
1134,58
1134,57
1134,56
1134,55
1134,54
1134,53
1134,52
1134,51
1134,50
1134,49
1134,48
1134,47
1134,46
1134,45
1134,44
1134,43
1134,42
1134,41
1134,40
1134,39
1134,38
1134,37
1134,36
1134,35
1123,229377
1123,147457
20,3
20,2
20,1
19,3
19,2
19,1
18,1
14,17
18,3
14,6
14,4
14,2
14,0
13,5
13,0
12,3
12,2
